0.00000000
0.00000000
0.00000000
0.00000000
0.00000000
0.00000000
0.00000000
0.00000000
0.00000000
0.00000000
0.00000000
0.00000000
0.00000000
14999.65752505
14999.65752505
14999.65752505
14999.65752505
14999.65752505
14999.65752505
14999.65752505
14999.65752505
14999.65752505
14999.65752505
14999.65752505
14999.65752505
14999.65752505
14999.65752505
14999.65752505
0.00000000
14999.65752505
14999.65752505
14999.65752505
14999.65752505
0.00000000
14999.65752505
14999.65752505
14999.65752505
14999.65752505
0.00000000
14999.65752505
0.00000000
0.00000000
14999.65752505
14999.65752505
14999.65752505
14999.65752505
14957.50962745
14957.50962745
14957.50962745
14957.50962745
14957.50962745
14957.50962745
14957.50962745
14957.50962745
14957.50962745
14957.50962745
14957.50962745
14957.50962745
14957.50962745
14957.50962745
14957.50962745
0.00000000
14957.50962745
14957.50962745
14957.50962745
14957.50962745
14957.50962745
14957.50962745
14957.50962745
14957.50962745
14957.50962745
14957.50962745
14957.50962745
14957.50962745
14957.50962745
14957.50962745
14957.50962745
14957.50962745
14957.50962745
14957.50962745
14957.50962745
14957.50962745
14957.50962745
14957.50962745
14957.50962745
0.00000000
0.00000000
0.00000000
14957.50962745
14957.50962745
14957.50962745
14957.34099801
14956.73376377
14956.73376377
14956.73376377
14956.73376377
14558.72465640
14368.70339021
14368.70339021
14121.32319022
14103.48350902
13853.61515507
13853.61515507
13853.61515507
13853.61515507
13853.61515507
13853.61515507
13853.61515507
13853.61515507
13853.61515507
13853.61515507
13730.10650108
13730.10650108
13728.62921202
13728.57549006
13728.52183602
13728.46836654
13725.20238186
13724.68616046
13724.14924758
13723.61233470
13723.00669530
13722.95342490
13722.29331558
13722.23984610
13721.61071266
13720.46494942
13720.41148258
13718.85319330
13718.77113766
13718.96904682
13718.96904682
13718.96904682
13718.20283242
13718.20283242
13718.20283242
13718.20283242
13718.20283242
13718.20283242
13717.35814162
0.00000000
0.00000000
0.00000000
0.00000000
0.00000000
0.00000000
0.00000000
13716.88753068
13716.75144637
13716.75144637
13716.69436453
13705.30358588